{
 "cells": [
  {
   "cell_type": "markdown",
   "metadata": {
    "id": "v7Cycmf3Zbok"
   },
   "source": [
    "# Stock NeurIPS2018 Part 3. Backtest\n",
    "This series is a reproduction of paper *the process in the paper Practical Deep Reinforcement Learning Approach for Stock Trading*. \n",
    "\n",
    "This is the third and last part of the NeurIPS2018 series, introducing how to use use the agents we trained to do backtest, and compare with baselines such as Mean Variance Optimization and DJIA index.\n",
    "\n",
    "Other demos can be found at the repo of [FinRL-Tutorials]((https://github.com/AI4Finance-Foundation/FinRL-Tutorials))."
   ]
  },
  {
   "cell_type": "markdown",
   "metadata": {
    "id": "1oWbj4HgqHBg"
   },
   "source": [
    "# Part 1. Install Packages"
   ]
  },
  {
   "cell_type": "code",
   "metadata": {
    "id": "QJgoEYx3p_NG",
    "ExecuteTime": {
     "end_time": "2025-03-15T07:52:03.203951Z",
     "start_time": "2025-03-15T07:51:02.672281Z"
    }
   },
   "source": [
    "## install required packages\n",
    "%pip install swig\n",
    "%pip install wrds\n",
    "%pip install pyportfolioopt\n",
    "## install finrl library\n",
    "%pip install git+https://github.com/AI4Finance-Foundation/FinRL.git"
   ],
   "outputs": [
    {
     "name": "stdout",
     "output_type": "stream",
     "text": [
      "Looking in indexes: http://mirrors.aliyun.com/pypi/simple\r\n",
      "Requirement already satisfied: swig in ./miniconda3/lib/python3.8/site-packages (4.2.1)\r\n",
      "\u001B[33mWARNING: Running pip as the 'root' user can result in broken permissions and conflicting behaviour with the system package manager. It is recommended to use a virtual environment instead: https://pip.pypa.io/warnings/venv\u001B[0m\r\n",
      "^C\r\n",
      "Traceback (most recent call last):\r\n",
      "  File \"/root/miniconda3/lib/python3.8/runpy.py\", line 194, in _run_module_as_main\r\n",
      "    return _run_code(code, main_globals, None,\r\n",
      "  File \"/root/miniconda3/lib/python3.8/runpy.py\", line 87, in _run_code\r\n",
      "    exec(code, run_globals)\r\n",
      "  File \"/root/miniconda3/lib/python3.8/site-packages/pip/__main__.py\", line 31, in <module>\r\n",
      "    sys.exit(_main())\r\n",
      "  File \"/root/miniconda3/lib/python3.8/site-packages/pip/_internal/cli/main.py\", line 71, in main\r\n",
      "    return command.main(cmd_args)\r\n",
      "  File \"/root/miniconda3/lib/python3.8/site-packages/pip/_internal/cli/base_command.py\", line 104, in main\r\n",
      "    return self._main(args)\r\n",
      "  File \"/root/miniconda3/lib/python3.8/site-packages/pip/_internal/cli/base_command.py\", line 221, in _main\r\n",
      "    self.handle_pip_version_check(options)\r\n",
      "  File \"/root/miniconda3/lib/python3.8/site-packages/pip/_internal/cli/req_command.py\", line 147, in handle_pip_version_check\r\n",
      "    pip_self_version_check(session, options)\r\n",
      "  File \"/root/miniconda3/lib/python3.8/site-packages/pip/_internal/self_outdated_check.py\", line 152, in pip_self_version_check\r\n",
      "    best_candidate = finder.find_best_candidate(\"pip\").best_candidate\r\n",
      "  File \"/root/miniconda3/lib/python3.8/site-packages/pip/_internal/index/package_finder.py\", line 879, in find_best_candidate\r\n",
      "    candidates = self.find_all_candidates(project_name)\r\n",
      "  File \"/root/miniconda3/lib/python3.8/site-packages/pip/_internal/index/package_finder.py\", line 824, in find_all_candidates\r\n",
      "    page_candidates = list(page_candidates_it)\r\n",
      "  File \"/root/miniconda3/lib/python3.8/site-packages/pip/_internal/index/sources.py\", line 134, in page_candidates\r\n",
      "    yield from self._candidates_from_page(self._link)\r\n",
      "  File \"/root/miniconda3/lib/python3.8/site-packages/pip/_internal/index/package_finder.py\", line 787, in process_project_url\r\n",
      "    page_links = list(parse_links(html_page))\r\n",
      "  File \"/root/miniconda3/lib/python3.8/site-packages/pip/_internal/index/collector.py\", line 316, in wrapper_wrapper\r\n",
      "    return list(fn(page))\r\n",
      "  File \"/root/miniconda3/lib/python3.8/site-packages/pip/_internal/index/collector.py\", line 327, in parse_links\r\n",
      "    document = html5lib.parse(\r\n",
      "  File \"/root/miniconda3/lib/python3.8/site-packages/pip/_vendor/html5lib/html5parser.py\", line 46, in parse\r\n",
      "    return p.parse(doc, **kwargs)\r\n",
      "  File \"/root/miniconda3/lib/python3.8/site-packages/pip/_vendor/html5lib/html5parser.py\", line 284, in parse\r\n",
      "    self._parse(stream, False, None, *args, **kwargs)\r\n",
      "  File \"/root/miniconda3/lib/python3.8/site-packages/pip/_vendor/html5lib/html5parser.py\", line 133, in _parse\r\n",
      "    self.mainLoop()\r\n",
      "  File \"/root/miniconda3/lib/python3.8/site-packages/pip/_vendor/html5lib/html5parser.py\", line 204, in mainLoop\r\n",
      "    for token in self.tokenizer:\r\n",
      "  File \"/root/miniconda3/lib/python3.8/site-packages/pip/_vendor/html5lib/_tokenizer.py\", line 68, in __iter__\r\n",
      "    while self.tokenQueue:\r\n",
      "KeyboardInterrupt\r\n",
      "Note: you may need to restart the kernel to use updated packages.\n",
      "Looking in indexes: http://mirrors.aliyun.com/pypi/simple\r\n",
      "Requirement already satisfied: wrds in ./miniconda3/lib/python3.8/site-packages (3.1.6)\r\n",
      "Requirement already satisfied: pandas in ./miniconda3/lib/python3.8/site-packages (from wrds) (2.0.3)\r\n",
      "Requirement already satisfied: sqlalchemy<2 in ./miniconda3/lib/python3.8/site-packages (from wrds) (1.4.52)\r\n",
      "Requirement already satisfied: psycopg2-binary in ./miniconda3/lib/python3.8/site-packages (from wrds) (2.9.9)\r\n",
      "Requirement already satisfied: scipy in ./miniconda3/lib/python3.8/site-packages (from wrds) (1.10.1)\r\n",
      "Requirement already satisfied: numpy in ./miniconda3/lib/python3.8/site-packages (from wrds) (1.24.4)\r\n",
      "Requirement already satisfied: greenlet!=0.4.17 in ./miniconda3/lib/python3.8/site-packages (from sqlalchemy<2->wrds) (3.0.3)\r\n",
      "Requirement already satisfied: pytz>=2020.1 in ./miniconda3/lib/python3.8/site-packages (from pandas->wrds) (2021.3)\r\n",
      "Requirement already satisfied: tzdata>=2022.1 in ./miniconda3/lib/python3.8/site-packages (from pandas->wrds) (2024.1)\r\n",
      "Requirement already satisfied: python-dateutil>=2.8.2 in ./miniconda3/lib/python3.8/site-packages (from pandas->wrds) (2.8.2)\r\n",
      "Requirement already satisfied: six>=1.5 in ./miniconda3/lib/python3.8/site-packages (from python-dateutil>=2.8.2->pandas->wrds) (1.16.0)\r\n",
      "\u001B[33mWARNING: Running pip as the 'root' user can result in broken permissions and conflicting behaviour with the system package manager. It is recommended to use a virtual environment instead: https://pip.pypa.io/warnings/venv\u001B[0m\r\n",
      "Note: you may need to restart the kernel to use updated packages.\n",
      "Looking in indexes: http://mirrors.aliyun.com/pypi/simple\r\n",
      "Requirement already satisfied: pyportfolioopt in ./miniconda3/lib/python3.8/site-packages (1.5.5)\r\n",
      "Requirement already satisfied: cvxpy<2.0.0,>=1.1.19 in ./miniconda3/lib/python3.8/site-packages (from pyportfolioopt) (1.5.1)\r\n",
      "Requirement already satisfied: scipy<2.0,>=1.3 in ./miniconda3/lib/python3.8/site-packages (from pyportfolioopt) (1.10.1)\r\n",
      "Requirement already satisfied: numpy<2.0.0,>=1.22.4 in ./miniconda3/lib/python3.8/site-packages (from pyportfolioopt) (1.24.4)\r\n",
      "Requirement already satisfied: pandas>=0.19 in ./miniconda3/lib/python3.8/site-packages (from pyportfolioopt) (2.0.3)\r\n",
      "Requirement already satisfied: ecos>=2 in ./miniconda3/lib/python3.8/site-packages (from cvxpy<2.0.0,>=1.1.19->pyportfolioopt) (2.0.13)\r\n",
      "Requirement already satisfied: osqp>=0.6.2 in ./miniconda3/lib/python3.8/site-packages (from cvxpy<2.0.0,>=1.1.19->pyportfolioopt) (0.6.7)\r\n",
      "Requirement already satisfied: clarabel>=0.5.0 in ./miniconda3/lib/python3.8/site-packages (from cvxpy<2.0.0,>=1.1.19->pyportfolioopt) (0.9.0)\r\n",
      "Requirement already satisfied: scs>=3.2.4.post1 in ./miniconda3/lib/python3.8/site-packages (from cvxpy<2.0.0,>=1.1.19->pyportfolioopt) (3.2.4.post2)\r\n",
      "Requirement already satisfied: qdldl in ./miniconda3/lib/python3.8/site-packages (from osqp>=0.6.2->cvxpy<2.0.0,>=1.1.19->pyportfolioopt) (0.1.7.post2)\r\n",
      "Requirement already satisfied: pytz>=2020.1 in ./miniconda3/lib/python3.8/site-packages (from pandas>=0.19->pyportfolioopt) (2021.3)\r\n",
      "Requirement already satisfied: tzdata>=2022.1 in ./miniconda3/lib/python3.8/site-packages (from pandas>=0.19->pyportfolioopt) (2024.1)\r\n",
      "Requirement already satisfied: python-dateutil>=2.8.2 in ./miniconda3/lib/python3.8/site-packages (from pandas>=0.19->pyportfolioopt) (2.8.2)\r\n",
      "Requirement already satisfied: six>=1.5 in ./miniconda3/lib/python3.8/site-packages (from python-dateutil>=2.8.2->pandas>=0.19->pyportfolioopt) (1.16.0)\r\n",
      "\u001B[33mWARNING: Running pip as the 'root' user can result in broken permissions and conflicting behaviour with the system package manager. It is recommended to use a virtual environment instead: https://pip.pypa.io/warnings/venv\u001B[0m\r\n",
      "Note: you may need to restart the kernel to use updated packages.\n",
      "Looking in indexes: http://mirrors.aliyun.com/pypi/simple\r\n",
      "Collecting git+https://github.com/AI4Finance-Foundation/FinRL.git\r\n",
      "  Cloning https://github.com/AI4Finance-Foundation/FinRL.git to /tmp/pip-req-build-rhdvq1k1\r\n",
      "  Running command git clone -q https://github.com/AI4Finance-Foundation/FinRL.git /tmp/pip-req-build-rhdvq1k1\r\n",
      "  Installing build dependencies ... \u001B[?25ldone\r\n",
      "\u001B[?25h  Getting requirements to build wheel ... \u001B[?25ldone\r\n",
      "\u001B[?25h    Preparing wheel metadata ... \u001B[?25ldone\r\n",
      "\u001B[?25hCollecting elegantrl@ git+https://github.com/AI4Finance-Foundation/ElegantRL.git#egg=elegantrl\r\n",
      "  Cloning https://github.com/AI4Finance-Foundation/ElegantRL.git to /tmp/pip-install-1_s788_t/elegantrl_89780d6c44c941ac887d2b2f95b427f9\r\n",
      "  Running command git clone -q https://github.com/AI4Finance-Foundation/ElegantRL.git /tmp/pip-install-1_s788_t/elegantrl_89780d6c44c941ac887d2b2f95b427f9\r\n",
      "Collecting alpaca-trade-api<4,>=3\r\n",
      "  Downloading http://mirrors.aliyun.com/pypi/packages/0b/b2/4557d0a4c837b020bc5c8971e8fde8b976e332d5c225476699e0b5e30b41/alpaca_trade_api-3.2.0-py3-none-any.whl (34 kB)\r\n",
      "Collecting ccxt<4,>=3\r\n",
      "  Downloading http://mirrors.aliyun.com/pypi/packages/c6/c3/5082649cf584dae9ee18d7d90895475e8f382b52e9c8588320f477639e04/ccxt-3.1.60-py2.py3-none-any.whl (4.0 MB)\r\n",
      "\u001B[K     |████████████████████████████████| 4.0 MB 4.3 MB/s eta 0:00:01\r\n",
      "\u001B[?25hCollecting stockstats<0.6,>=0.5\r\n",
      "  Downloading http://mirrors.aliyun.com/pypi/packages/89/c3/82708cf1d219d762d6bb1a05428d918ad3f68c26b7f6e10a7449942a12c8/stockstats-0.5.4-py2.py3-none-any.whl (21 kB)\r\n",
      "Collecting jqdatasdk<2,>=1\r\n",
      "  Downloading http://mirrors.aliyun.com/pypi/packages/6e/c7/dd33f4c64698dab82a8a83517ea1a5c526a2fba70a2df5db140d7a4128c8/jqdatasdk-1.9.7-py3-none-any.whl (77 kB)\r\n",
      "\u001B[K     |████████████████████████████████| 77 kB 5.9 MB/s eta 0:00:011\r\n",
      "\u001B[?25hRequirement already satisfied: wrds<4,>=3 in ./miniconda3/lib/python3.8/site-packages (from finrl==0.3.6) (3.1.6)\r\n",
      "Collecting exchange-calendars<5,>=4\r\n",
      "  Downloading http://mirrors.aliyun.com/pypi/packages/5d/b2/eb858bf3540ace8f594d9423ac1264460bf36abcd9251ee4546c956c8ec5/exchange_calendars-4.2.8-py3-none-any.whl (191 kB)\r\n",
      "\u001B[K     |████████████████████████████████| 191 kB 4.7 MB/s eta 0:00:01\r\n",
      "\u001B[?25hRequirement already satisfied: pyportfolioopt<2,>=1 in ./miniconda3/lib/python3.8/site-packages (from finrl==0.3.6) (1.5.5)\r\n",
      "Collecting ray[default,tune]<3,>=2\r\n",
      "  Downloading http://mirrors.aliyun.com/pypi/packages/f3/26/209deb19b09dad00e6318ce2a4f152d02df3dae8d5d3efba3ad9c29d8107/ray-2.10.0-cp38-cp38-manylinux2014_x86_64.whl (65.2 MB)\r\n",
      "\u001B[K     |████████████████████████████████| 65.2 MB 4.0 MB/s eta 0:00:01     |███████████▌                    | 23.4 MB 4.6 MB/s eta 0:00:10\r\n",
      "\u001B[?25hCollecting selenium<5,>=4\r\n",
      "  Downloading http://mirrors.aliyun.com/pypi/packages/a6/1e/5f1a5dd2a28528c4b3ec6e076b58e4c035810c805328f9936123283ca14e/selenium-4.27.1-py3-none-any.whl (9.7 MB)\r\n",
      "\u001B[K     |████████████████████████████████| 9.7 MB 2.9 MB/s eta 0:00:01     |███████████▏                    | 3.4 MB 7.4 MB/s eta 0:00:01\r\n",
      "\u001B[?25hCollecting alpaca-py<0.38,>=0.37\r\n",
      "  Downloading http://mirrors.aliyun.com/pypi/packages/1a/3f/0e5cc0f1ef1452600b0af9e4b577d28c8a312277e3747970ef68644816d3/alpaca_py-0.37.0-py3-none-any.whl (121 kB)\r\n",
      "\u001B[K     |████████████████████████████████| 121 kB 8.3 MB/s eta 0:00:01\r\n",
      "\u001B[?25hCollecting stable-baselines3[extra]>=2.0.0a5\r\n",
      "  Downloading http://mirrors.aliyun.com/pypi/packages/e7/96/04e1e987b5dd8ac0f192e74ad740fb5d72b4c9acd04f3ee13f5f9d6eacae/stable_baselines3-2.4.1-py3-none-any.whl (183 kB)\r\n",
      "\u001B[K     |████████████████████████████████| 183 kB 3.9 MB/s eta 0:00:01\r\n",
      "\u001B[?25hCollecting webdriver-manager<5,>=4\r\n",
      "  Downloading http://mirrors.aliyun.com/pypi/packages/b5/b5/3bd0b038d80950ec13e6a2c8d03ed8354867dc60064b172f2f4ffac8afbe/webdriver_manager-4.0.2-py2.py3-none-any.whl (27 kB)\r\n",
      "Collecting pyfolio<0.10,>=0.9\r\n",
      "  Downloading http://mirrors.aliyun.com/pypi/packages/28/b4/99799b743c4619752f88b70354924132a2e9b82f4656fe7c55eaa9101392/pyfolio-0.9.2.tar.gz (91 kB)\r\n",
      "\u001B[K     |████████████████████████████████| 91 kB 2.3 MB/s eta 0:00:011\r\n",
      "\u001B[?25hCollecting yfinance<0.3,>=0.2\r\n",
      "  Downloading http://mirrors.aliyun.com/pypi/packages/09/05/28664524fcc67c078313d482bf25fe403e9399130622cfc89e185ec0abf6/yfinance-0.2.54-py2.py3-none-any.whl (108 kB)\r\n",
      "\u001B[K     |████████████████████████████████| 108 kB 6.7 MB/s eta 0:00:01\r\n",
      "\u001B[?25hCollecting scikit-learn<2,>=1\r\n",
      "  Downloading http://mirrors.aliyun.com/pypi/packages/3f/48/6fdd99f5717045f9984616b5c2ec683d6286d30c0ac234563062132b83ab/scikit_learn-1.3.2-cp38-cp38-manylinux_2_17_x86_64.manylinux2014_x86_64.whl (11.1 MB)\r\n",
      "\u001B[K     |████████████████████████████████| 11.1 MB 4.8 MB/s eta 0:00:01\r\n",
      "\u001B[31mERROR: Package 'finrl' requires a different Python: 3.8.10 not in '<3.12,>=3.11'\u001B[0m\r\n",
      "\u001B[?25hNote: you may need to restart the kernel to use updated packages.\n"
     ]
    }
   ],
   "execution_count": 1
  },
  {
   "cell_type": "code",
   "metadata": {
    "id": "mqfBOKz-qJYF",
    "ExecuteTime": {
     "end_time": "2025-03-15T07:52:04.498613Z",
     "start_time": "2025-03-15T07:52:03.208500Z"
    }
   },
   "source": [
    "import sys\n",
    "import pandas as pd\n",
    "import numpy as np\n",
    "import matplotlib.pyplot as plt\n",
    "\n",
    "from finrl.meta.preprocessor.yahoodownloader import YahooDownloader\n",
    "from finrl.meta.env_stock_trading.env_stocktrading import StockTradingEnv\n",
    "from finrl.agents.stablebaselines3.models import DRLAgent\n",
    "from stable_baselines3 import A2C, DDPG, PPO, SAC, TD3\n",
    "\n",
    "%matplotlib inline\n",
    "from finrl.config import INDICATORS, TRAINED_MODEL_DIR"
   ],
   "outputs": [
    {
     "ename": "ModuleNotFoundError",
     "evalue": "No module named 'finrl'",
     "output_type": "error",
     "traceback": [
      "\u001B[0;31m---------------------------------------------------------------------------\u001B[0m",
      "\u001B[0;31mModuleNotFoundError\u001B[0m                       Traceback (most recent call last)",
      "\u001B[0;32m/tmp/ipykernel_1280/3792458613.py\u001B[0m in \u001B[0;36m<module>\u001B[0;34m\u001B[0m\n\u001B[1;32m      4\u001B[0m \u001B[0;32mimport\u001B[0m \u001B[0mmatplotlib\u001B[0m\u001B[0;34m.\u001B[0m\u001B[0mpyplot\u001B[0m \u001B[0;32mas\u001B[0m \u001B[0mplt\u001B[0m\u001B[0;34m\u001B[0m\u001B[0;34m\u001B[0m\u001B[0m\n\u001B[1;32m      5\u001B[0m \u001B[0;34m\u001B[0m\u001B[0m\n\u001B[0;32m----> 6\u001B[0;31m \u001B[0;32mfrom\u001B[0m \u001B[0mfinrl\u001B[0m\u001B[0;34m.\u001B[0m\u001B[0mmeta\u001B[0m\u001B[0;34m.\u001B[0m\u001B[0mpreprocessor\u001B[0m\u001B[0;34m.\u001B[0m\u001B[0myahoodownloader\u001B[0m \u001B[0;32mimport\u001B[0m \u001B[0mYahooDownloader\u001B[0m\u001B[0;34m\u001B[0m\u001B[0;34m\u001B[0m\u001B[0m\n\u001B[0m\u001B[1;32m      7\u001B[0m \u001B[0;32mfrom\u001B[0m \u001B[0mfinrl\u001B[0m\u001B[0;34m.\u001B[0m\u001B[0mmeta\u001B[0m\u001B[0;34m.\u001B[0m\u001B[0menv_stock_trading\u001B[0m\u001B[0;34m.\u001B[0m\u001B[0menv_stocktrading\u001B[0m \u001B[0;32mimport\u001B[0m \u001B[0mStockTradingEnv\u001B[0m\u001B[0;34m\u001B[0m\u001B[0;34m\u001B[0m\u001B[0m\n\u001B[1;32m      8\u001B[0m \u001B[0;32mfrom\u001B[0m \u001B[0mfinrl\u001B[0m\u001B[0;34m.\u001B[0m\u001B[0magents\u001B[0m\u001B[0;34m.\u001B[0m\u001B[0mstablebaselines3\u001B[0m\u001B[0;34m.\u001B[0m\u001B[0mmodels\u001B[0m \u001B[0;32mimport\u001B[0m \u001B[0mDRLAgent\u001B[0m\u001B[0;34m\u001B[0m\u001B[0;34m\u001B[0m\u001B[0m\n",
      "\u001B[0;31mModuleNotFoundError\u001B[0m: No module named 'finrl'"
     ]
    }
   ],
   "execution_count": 2
  },
  {
   "cell_type": "code",
   "execution_count": null,
   "metadata": {
    "id": "kyv8fz5rqM7H"
   },
   "outputs": [],
   "source": []
  },
  {
   "cell_type": "markdown",
   "metadata": {
    "id": "mUF2P4hmqVjh"
   },
   "source": [
    "# Part 2. Backtesting"
   ]
  },
  {
   "cell_type": "markdown",
   "metadata": {
    "id": "BdU6qLsVWDxI"
   },
   "source": [
    "To backtest the agents, upload trade_data.csv in the same directory of this notebook. For Colab users, just upload trade_data.csv to the default directory."
   ]
  },
  {
   "cell_type": "code",
   "execution_count": 3,
   "metadata": {
    "id": "mSjBHn_MZr4U"
   },
   "outputs": [],
   "source": [
    "train = pd.read_csv('train_data.csv')\n",
    "trade = pd.read_csv('trade_data.csv')\n",
    "\n",
    "# If you are not using the data generated from part 1 of this tutorial, make sure \n",
    "# it has the columns and index in the form that could be make into the environment. \n",
    "# Then you can comment and skip the following lines.\n",
    "train = train.set_index(train.columns[0])\n",
    "train.index.names = ['']\n",
    "trade = trade.set_index(trade.columns[0])\n",
    "trade.index.names = ['']"
   ]
  },
  {
   "cell_type": "markdown",
   "metadata": {
    "id": "qu4Ey54b36oL"
   },
   "source": [
    "Then, upload the trained agent to the same directory, and set the corresponding variable to True."
   ]
  },
  {
   "cell_type": "code",
   "execution_count": 4,
   "metadata": {
    "id": "Z_mVZM4IIa55"
   },
   "outputs": [],
   "source": [
    "if_using_a2c = True\n",
    "if_using_ddpg = True\n",
    "if_using_ppo = True\n",
    "if_using_td3 = True\n",
    "if_using_sac = True"
   ]
  },
  {
   "cell_type": "markdown",
   "metadata": {
    "id": "73D4oRqAIkYj"
   },
   "source": [
    "Load the agents"
   ]
  },
  {
   "cell_type": "code",
   "execution_count": 5,
   "metadata": {
    "id": "6CagrX0I36ZN"
   },
   "outputs": [],
   "source": [
    "trained_a2c = A2C.load(TRAINED_MODEL_DIR + \"/agent_a2c\") if if_using_a2c else None\n",
    "trained_ddpg = DDPG.load(TRAINED_MODEL_DIR + \"/agent_ddpg\") if if_using_ddpg else None\n",
    "trained_ppo = PPO.load(TRAINED_MODEL_DIR + \"/agent_ppo\") if if_using_ppo else None\n",
    "trained_td3 = TD3.load(TRAINED_MODEL_DIR + \"/agent_td3\") if if_using_td3 else None\n",
    "trained_sac = SAC.load(TRAINED_MODEL_DIR + \"/agent_sac\") if if_using_sac else None"
   ]
  },
  {
   "cell_type": "markdown",
   "metadata": {
    "id": "U5mmgQF_h1jQ"
   },
   "source": [
    "### Trading (Out-of-sample Performance)\n",
    "\n",
    "We update periodically in order to take full advantage of the data, e.g., retrain quarterly, monthly or weekly. We also tune the parameters along the way, in this notebook we use the in-sample data from 2009-01 to 2020-07 to tune the parameters once, so there is some alpha decay here as the length of trade date extends. \n",
    "\n",
    "Numerous hyperparameters – e.g. the learning rate, the total number of samples to train on – influence the learning process and are usually determined by testing some variations."
   ]
  },
  {
   "cell_type": "code",
   "execution_count": 6,
   "metadata": {
    "colab": {
     "base_uri": "https://localhost:8080/"
    },
    "id": "4H_w3SaBAkKU",
    "outputId": "fdaed3a7-d3a9-4cde-d194-ee4576057175"
   },
   "outputs": [
    {
     "name": "stdout",
     "output_type": "stream",
     "text": [
      "Stock Dimension: 29, State Space: 291\n"
     ]
    }
   ],
   "source": [
    "stock_dimension = len(trade.tic.unique())\n",
    "state_space = 1 + 2*stock_dimension + len(INDICATORS)*stock_dimension\n",
    "print(f\"Stock Dimension: {stock_dimension}, State Space: {state_space}\")"
   ]
  },
  {
   "cell_type": "code",
   "execution_count": 7,
   "metadata": {
    "id": "nKNmQMqGAknW"
   },
   "outputs": [],
   "source": [
    "buy_cost_list = sell_cost_list = [0.001] * stock_dimension\n",
    "num_stock_shares = [0] * stock_dimension\n",
    "\n",
    "env_kwargs = {\n",
    "    \"hmax\": 100,\n",
    "    \"initial_amount\": 1000000,\n",
    "    \"num_stock_shares\": num_stock_shares,\n",
    "    \"buy_cost_pct\": buy_cost_list,\n",
    "    \"sell_cost_pct\": sell_cost_list,\n",
    "    \"state_space\": state_space,\n",
    "    \"stock_dim\": stock_dimension,\n",
    "    \"tech_indicator_list\": INDICATORS,\n",
    "    \"action_space\": stock_dimension,\n",
    "    \"reward_scaling\": 1e-4\n",
    "}"
   ]
  },
  {
   "cell_type": "code",
   "execution_count": 8,
   "metadata": {
    "id": "cIqoV0GSI52v"
   },
   "outputs": [],
   "source": [
    "e_trade_gym = StockTradingEnv(df = trade, turbulence_threshold = 70,risk_indicator_col='vix', **env_kwargs)\n",
    "env_trade, obs_trade = e_trade_gym.get_sb_env()"
   ]
  },
  {
   "cell_type": "code",
   "execution_count": 9,
   "metadata": {
    "colab": {
     "base_uri": "https://localhost:8080/"
    },
    "id": "lbFchno5j3xs",
    "outputId": "44fffa47-3b47-4e7b-96c2-0a485e9efead"
   },
   "outputs": [
    {
     "name": "stdout",
     "output_type": "stream",
     "text": [
      "hit end!\n"
     ]
    }
   ],
   "source": [
    "df_account_value_a2c, df_actions_a2c = DRLAgent.DRL_prediction(\n",
    "    model=trained_a2c, \n",
    "    environment = e_trade_gym) if if_using_a2c else (None, None)"
   ]
  },
  {
   "cell_type": "code",
   "execution_count": 10,
   "metadata": {
    "id": "JbYljWGjj3pH"
   },
   "outputs": [
    {
     "name": "stdout",
     "output_type": "stream",
     "text": [
      "hit end!\n"
     ]
    }
   ],
   "source": [
    "df_account_value_ddpg, df_actions_ddpg = DRLAgent.DRL_prediction(\n",
    "    model=trained_ddpg, \n",
    "    environment = e_trade_gym) if if_using_ddpg else (None, None)"
   ]
  },
  {
   "cell_type": "code",
   "execution_count": 11,
   "metadata": {
    "id": "74jNP2DBj3hb"
   },
   "outputs": [
    {
     "name": "stdout",
     "output_type": "stream",
     "text": [
      "hit end!\n"
     ]
    }
   ],
   "source": [
    "df_account_value_ppo, df_actions_ppo = DRLAgent.DRL_prediction(\n",
    "    model=trained_ppo, \n",
    "    environment = e_trade_gym) if if_using_ppo else (None, None)"
   ]
  },
  {
   "cell_type": "code",
   "execution_count": 12,
   "metadata": {
    "id": "S7VyGGJPj3SH"
   },
   "outputs": [
    {
     "name": "stdout",
     "output_type": "stream",
     "text": [
      "hit end!\n"
     ]
    }
   ],
   "source": [
    "df_account_value_td3, df_actions_td3 = DRLAgent.DRL_prediction(\n",
    "    model=trained_td3, \n",
    "    environment = e_trade_gym) if if_using_td3 else (None, None)"
   ]
  },
  {
   "cell_type": "code",
   "execution_count": 13,
   "metadata": {
    "colab": {
     "base_uri": "https://localhost:8080/"
    },
    "id": "eLOnL5eYh1jR",
    "outputId": "70e50e24-aed5-49f9-cdd7-de6b9689d9ce"
   },
   "outputs": [
    {
     "name": "stdout",
     "output_type": "stream",
     "text": [
      "hit end!\n"
     ]
    }
   ],
   "source": [
    "df_account_value_sac, df_actions_sac = DRLAgent.DRL_prediction(\n",
    "    model=trained_sac, \n",
    "    environment = e_trade_gym) if if_using_sac else (None, None)"
   ]
  },
  {
   "cell_type": "markdown",
   "metadata": {
    "id": "GcE-t08w6DaW"
   },
   "source": [
    "# Part 3: Mean Variance Optimization"
   ]
  },
  {
   "cell_type": "markdown",
   "metadata": {
    "id": "17TUs71EWj09"
   },
   "source": [
    "Mean Variance optimization is a very classic strategy in portfolio management. Here, we go through the whole process to do the mean variance optimization and add it as a baseline to compare.\n",
    "\n",
    "First, process dataframe to the form for MVO weight calculation."
   ]
  },
  {
   "cell_type": "code",
   "execution_count": 14,
   "metadata": {
    "id": "wungSNOwPwKR"
   },
   "outputs": [],
   "source": [
    "def process_df_for_mvo(df):\n",
    "  df = df.sort_values(['date','tic'],ignore_index=True)[['date','tic','close']]\n",
    "  fst = df\n",
    "  fst = fst.iloc[0:stock_dimension, :]\n",
    "  tic = fst['tic'].tolist()\n",
    "\n",
    "  mvo = pd.DataFrame()\n",
    "\n",
    "  for k in range(len(tic)):\n",
    "    mvo[tic[k]] = 0\n",
    "\n",
    "  for i in range(df.shape[0]//stock_dimension):\n",
    "    n = df\n",
    "    n = n.iloc[i * stock_dimension:(i+1) * stock_dimension, :]\n",
    "    date = n['date'][i*stock_dimension]\n",
    "    mvo.loc[date] = n['close'].tolist()\n",
    "  \n",
    "  return mvo"
   ]
  },
  {
   "cell_type": "markdown",
   "metadata": {
    "id": "SwEwkHJ1d_6u"
   },
   "source": [
    "### Helper functions for mean returns and variance-covariance matrix"
   ]
  },
  {
   "cell_type": "code",
   "execution_count": 15,
   "metadata": {
    "id": "6KvXkpyE8MFq"
   },
   "outputs": [],
   "source": [
    "# Codes in this section partially refer to Dr G A Vijayalakshmi Pai\n",
    "\n",
    "# https://www.kaggle.com/code/vijipai/lesson-5-mean-variance-optimization-of-portfolios/notebook\n",
    "\n",
    "def StockReturnsComputing(StockPrice, Rows, Columns): \n",
    "  import numpy as np \n",
    "  StockReturn = np.zeros([Rows-1, Columns]) \n",
    "  for j in range(Columns):        # j: Assets \n",
    "    for i in range(Rows-1):     # i: Daily Prices \n",
    "      StockReturn[i,j]=((StockPrice[i+1, j]-StockPrice[i,j])/StockPrice[i,j])* 100 \n",
    "      \n",
    "  return StockReturn"
   ]
  },
  {
   "cell_type": "markdown",
   "metadata": {
    "id": "IeVVbuwveJ_5"
   },
   "source": [
    "### Calculate the weights for mean-variance"
   ]
  },
  {
   "cell_type": "code",
   "execution_count": 16,
   "metadata": {
    "colab": {
     "base_uri": "https://localhost:8080/"
    },
    "id": "kE8nruKLQYLO",
    "outputId": "42d07c80-f309-49f8-f2b4-36a51987086f"
   },
   "outputs": [
    {
     "data": {
      "text/plain": [
       "array([[ 89.49456024, 236.68336487,  91.07846832, ...,  47.76708984,\n",
       "         36.77029419, 115.09746552],\n",
       "       [ 89.49456024, 239.5778656 ,  91.34962463, ...,  47.8719368 ,\n",
       "         37.7597084 , 114.63588715],\n",
       "       [ 91.88856506, 237.73167419,  93.52852631, ...,  48.26512527,\n",
       "         38.82108688, 114.32815552],\n",
       "       ...,\n",
       "       [147.34196472, 199.59692383, 179.35403442, ...,  49.0795784 ,\n",
       "         46.59321594, 147.1452179 ],\n",
       "       [148.01603699, 200.60627747, 178.0160675 , ...,  49.54628754,\n",
       "         45.73177719, 145.86064148],\n",
       "       [147.55014038, 198.58753967, 175.14343262, ...,  49.12624741,\n",
       "         44.60528946, 144.66436768]])"
      ]
     },
     "execution_count": 16,
     "metadata": {},
     "output_type": "execute_result"
    }
   ],
   "source": [
    "StockData = process_df_for_mvo(train)\n",
    "TradeData = process_df_for_mvo(trade)\n",
    "\n",
    "TradeData.to_numpy()"
   ]
  },
  {
   "cell_type": "code",
   "execution_count": 17,
   "metadata": {
    "colab": {
     "base_uri": "https://localhost:8080/"
    },
    "id": "u6_O6vrn_uD4",
    "outputId": "0c2f8bf7-07e7-4fe5-c409-93312b95a8dd"
   },
   "outputs": [
    {
     "name": "stdout",
     "output_type": "stream",
     "text": [
      "Mean returns of assets in k-portfolio 1\n",
      " [0.136 0.068 0.086 0.083 0.066 0.134 0.06  0.035 0.072 0.056 0.103 0.073\n",
      " 0.033 0.076 0.047 0.073 0.042 0.056 0.054 0.056 0.103 0.089 0.041 0.053\n",
      " 0.104 0.11  0.044 0.042 0.042]\n",
      "Variance-Covariance matrix of returns\n",
      " [[3.156 1.066 1.768 1.669 1.722 1.814 1.569 1.302 1.302 1.811 1.303 1.432\n",
      "  1.218 1.674 0.74  1.839 0.719 0.884 1.241 0.823 1.561 1.324 0.752 1.027\n",
      "  1.298 1.466 0.657 1.078 0.631]\n",
      " [1.066 2.571 1.306 1.123 1.193 1.319 1.116 1.053 1.045 1.269 1.068 1.089\n",
      "  0.899 1.218 0.926 1.391 0.682 0.727 1.025 1.156 1.166 0.984 0.798 0.956\n",
      "  1.259 1.111 0.688 1.091 0.682]\n",
      " [1.768 1.306 4.847 2.73  2.6   2.128 1.944 2.141 2.17  3.142 1.932 2.283\n",
      "  1.56  2.012 0.993 3.707 1.094 1.319 1.845 1.236 1.899 1.894 1.041 1.921\n",
      "  1.823 2.314 0.986 1.421 0.707]\n",
      " [1.669 1.123 2.73  4.892 2.363 1.979 1.7   2.115 1.959 2.387 1.773 2.319\n",
      "  1.571 1.797 0.968 2.597 1.144 1.298 1.643 1.071 1.615 1.775 0.91  1.666\n",
      "  1.707 1.784 0.82  1.345 0.647]\n",
      " [1.722 1.193 2.6   2.363 4.019 2.127 1.917 2.059 1.817 2.46  1.577 2.238\n",
      "  1.513 1.929 0.925 2.64  0.947 0.971 1.894 1.089 1.711 1.642 0.865 1.456\n",
      "  1.478 1.687 0.92  1.326 0.697]\n",
      " [1.814 1.319 2.128 1.979 2.127 5.384 1.974 1.549 1.683 2.122 1.624 1.771\n",
      "  1.441 1.939 0.846 2.191 0.837 1.075 1.475 1.041 1.978 1.768 0.784 1.328\n",
      "  1.365 1.912 0.787 1.28  0.666]\n",
      " [1.569 1.116 1.944 1.7   1.917 1.974 3.081 1.483 1.534 1.937 1.367 1.62\n",
      "  1.399 1.843 0.894 2.057 0.794 0.905 1.438 1.014 1.72  1.382 0.865 1.206\n",
      "  1.273 1.488 0.811 1.173 0.753]\n",
      " [1.302 1.053 2.141 2.115 2.059 1.549 1.483 2.842 1.525 2.044 1.428 1.783\n",
      "  1.308 1.533 0.878 2.279 0.938 1.092 1.385 1.078 1.429 1.314 0.831 1.459\n",
      "  1.466 1.48  0.83  1.042 0.567]\n",
      " [1.302 1.045 2.17  1.959 1.817 1.683 1.534 1.525 2.661 1.987 1.454 1.748\n",
      "  1.217 1.475 0.791 2.216 0.896 0.973 1.396 0.949 1.379 1.407 0.859 1.268\n",
      "  1.281 1.454 0.81  1.143 0.667]\n",
      " [1.811 1.269 3.142 2.387 2.46  2.122 1.937 2.044 1.987 4.407 1.789 2.12\n",
      "  1.593 1.982 0.945 3.96  0.956 1.094 1.758 1.157 1.788 1.692 0.905 1.879\n",
      "  1.712 2.    0.945 1.421 0.713]\n",
      " [1.303 1.068 1.932 1.773 1.577 1.624 1.367 1.428 1.454 1.789 2.373 1.51\n",
      "  1.166 1.501 0.756 1.941 0.824 0.998 1.239 0.887 1.366 1.414 0.797 1.299\n",
      "  1.296 1.41  0.764 1.071 0.783]\n",
      " [1.432 1.089 2.283 2.319 2.238 1.771 1.62  1.783 1.748 2.12  1.51  2.516\n",
      "  1.326 1.575 0.889 2.345 0.958 1.022 1.623 1.02  1.489 1.532 0.848 1.377\n",
      "  1.444 1.547 0.81  1.211 0.63 ]\n",
      " [1.218 0.899 1.56  1.571 1.513 1.441 1.399 1.308 1.217 1.593 1.166 1.326\n",
      "  2.052 1.399 0.727 1.749 0.786 0.795 1.154 0.829 1.296 1.12  0.743 1.105\n",
      "  1.088 1.214 0.739 0.998 0.598]\n",
      " [1.674 1.218 2.012 1.797 1.929 1.939 1.843 1.533 1.475 1.982 1.501 1.575\n",
      "  1.399 3.289 0.853 2.112 0.85  0.89  1.412 1.002 1.9   1.352 0.842 1.317\n",
      "  1.334 1.487 0.847 1.165 0.766]\n",
      " [0.74  0.926 0.993 0.968 0.925 0.846 0.894 0.878 0.791 0.945 0.756 0.889\n",
      "  0.727 0.853 1.153 1.027 0.642 0.59  0.848 0.892 0.825 0.748 0.694 0.761\n",
      "  0.929 0.819 0.61  0.806 0.547]\n",
      " [1.839 1.391 3.707 2.597 2.64  2.191 2.057 2.279 2.216 3.96  1.941 2.345\n",
      "  1.749 2.112 1.027 5.271 1.08  1.235 1.892 1.297 1.91  1.85  1.068 2.164\n",
      "  1.85  2.169 1.112 1.555 0.779]\n",
      " [0.719 0.682 1.094 1.144 0.947 0.837 0.794 0.938 0.896 0.956 0.824 0.958\n",
      "  0.786 0.85  0.642 1.08  1.264 0.679 0.804 0.74  0.819 0.845 0.749 0.891\n",
      "  0.849 0.794 0.633 0.719 0.514]\n",
      " [0.884 0.727 1.319 1.298 0.971 1.075 0.905 1.092 0.973 1.094 0.998 1.022\n",
      "  0.795 0.89  0.59  1.235 0.679 1.518 0.816 0.719 0.943 1.027 0.615 1.\n",
      "  0.947 0.994 0.533 0.673 0.504]\n",
      " [1.241 1.025 1.845 1.643 1.894 1.475 1.438 1.385 1.396 1.758 1.239 1.623\n",
      "  1.154 1.412 0.848 1.892 0.804 0.816 2.028 0.9   1.265 1.243 0.787 1.194\n",
      "  1.193 1.282 0.752 1.099 0.622]\n",
      " [0.823 1.156 1.236 1.071 1.089 1.041 1.014 1.078 0.949 1.157 0.887 1.02\n",
      "  0.829 1.002 0.892 1.297 0.74  0.719 0.9   2.007 0.952 0.849 0.732 1.008\n",
      "  1.15  0.933 0.722 0.897 0.614]\n",
      " [1.561 1.166 1.899 1.615 1.711 1.978 1.72  1.429 1.379 1.788 1.366 1.489\n",
      "  1.296 1.9   0.825 1.91  0.819 0.943 1.265 0.952 2.759 1.308 0.832 1.214\n",
      "  1.285 1.493 0.793 1.113 0.705]\n",
      " [1.324 0.984 1.894 1.775 1.642 1.768 1.382 1.314 1.407 1.692 1.414 1.532\n",
      "  1.12  1.352 0.748 1.85  0.845 1.027 1.243 0.849 1.308 2.864 0.751 1.153\n",
      "  1.26  1.411 0.71  1.046 0.651]\n",
      " [0.752 0.798 1.041 0.91  0.865 0.784 0.865 0.831 0.859 0.905 0.797 0.848\n",
      "  0.743 0.842 0.694 1.068 0.749 0.615 0.787 0.732 0.832 0.751 1.289 0.806\n",
      "  0.766 0.763 0.663 0.797 0.645]\n",
      " [1.027 0.956 1.921 1.666 1.456 1.328 1.206 1.459 1.268 1.879 1.299 1.377\n",
      "  1.105 1.317 0.761 2.164 0.891 1.    1.194 1.008 1.214 1.153 0.806 2.27\n",
      "  1.259 1.294 0.812 0.986 0.676]\n",
      " [1.298 1.259 1.823 1.707 1.478 1.365 1.273 1.466 1.281 1.712 1.296 1.444\n",
      "  1.088 1.334 0.929 1.85  0.849 0.947 1.193 1.15  1.285 1.26  0.766 1.259\n",
      "  3.352 1.267 0.697 1.137 0.685]\n",
      " [1.466 1.111 2.314 1.784 1.687 1.912 1.488 1.48  1.454 2.    1.41  1.547\n",
      "  1.214 1.487 0.819 2.169 0.794 0.994 1.282 0.933 1.493 1.411 0.763 1.294\n",
      "  1.267 2.982 0.709 1.007 0.656]\n",
      " [0.657 0.688 0.986 0.82  0.92  0.787 0.811 0.83  0.81  0.945 0.764 0.81\n",
      "  0.739 0.847 0.61  1.112 0.633 0.533 0.752 0.722 0.793 0.71  0.663 0.812\n",
      "  0.697 0.709 1.371 0.697 0.561]\n",
      " [1.078 1.091 1.421 1.345 1.326 1.28  1.173 1.042 1.143 1.421 1.071 1.211\n",
      "  0.998 1.165 0.806 1.555 0.719 0.673 1.099 0.897 1.113 1.046 0.797 0.986\n",
      "  1.137 1.007 0.697 3.073 0.759]\n",
      " [0.631 0.682 0.707 0.647 0.697 0.666 0.753 0.567 0.667 0.713 0.783 0.63\n",
      "  0.598 0.766 0.547 0.779 0.514 0.504 0.622 0.614 0.705 0.651 0.645 0.676\n",
      "  0.685 0.656 0.561 0.759 1.452]]\n"
     ]
    }
   ],
   "source": [
    "#compute asset returns\n",
    "arStockPrices = np.asarray(StockData)\n",
    "[Rows, Cols]=arStockPrices.shape\n",
    "arReturns = StockReturnsComputing(arStockPrices, Rows, Cols)\n",
    "\n",
    "#compute mean returns and variance covariance matrix of returns\n",
    "meanReturns = np.mean(arReturns, axis = 0)\n",
    "covReturns = np.cov(arReturns, rowvar=False)\n",
    " \n",
    "#set precision for printing results\n",
    "np.set_printoptions(precision=3, suppress = True)\n",
    "\n",
    "#display mean returns and variance-covariance matrix of returns\n",
    "print('Mean returns of assets in k-portfolio 1\\n', meanReturns)\n",
    "print('Variance-Covariance matrix of returns\\n', covReturns)"
   ]
  },
  {
   "cell_type": "markdown",
   "metadata": {
    "id": "zC7r-cI8RR1X"
   },
   "source": [
    "### Use PyPortfolioOpt"
   ]
  },
  {
   "cell_type": "code",
   "execution_count": 18,
   "metadata": {
    "colab": {
     "base_uri": "https://localhost:8080/"
    },
    "id": "b1btTONEdCU4",
    "outputId": "75096462-7dfb-4ce6-c6f4-4671f11e79fc"
   },
   "outputs": [
    {
     "data": {
      "text/plain": [
       "array([424250.,      0.,      0.,      0.,      0., 108650.,      0.,\n",
       "            0.,      0.,      0., 181450.,      0.,      0.,      0.,\n",
       "            0.,      0.,      0.,      0.,      0.,      0.,  16960.,\n",
       "            0.,      0.,      0., 133540., 135150.,      0.,      0.,\n",
       "            0.])"
      ]
     },
     "execution_count": 18,
     "metadata": {},
     "output_type": "execute_result"
    }
   ],
   "source": [
    "from pypfopt.efficient_frontier import EfficientFrontier\n",
    "\n",
    "ef_mean = EfficientFrontier(meanReturns, covReturns, weight_bounds=(0, 0.5))\n",
    "raw_weights_mean = ef_mean.max_sharpe()\n",
    "cleaned_weights_mean = ef_mean.clean_weights()\n",
    "mvo_weights = np.array([1000000 * cleaned_weights_mean[i] for i in range(29)])\n",
    "mvo_weights"
   ]
  },
  {
   "cell_type": "code",
   "execution_count": 19,
   "metadata": {
    "colab": {
     "base_uri": "https://localhost:8080/"
    },
    "id": "F38NJRJJgOmj",
    "outputId": "f575651b-1e9b-4015-ae71-c9fc2c3a3dae"
   },
   "outputs": [
    {
     "data": {
      "text/plain": [
       "array([4731.544,    0.   ,    0.   ,    0.   ,    0.   ,  579.993,\n",
       "          0.   ,    0.   ,    0.   ,    0.   ,  766.21 ,    0.   ,\n",
       "          0.   ,    0.   ,    0.   ,    0.   ,    0.   ,    0.   ,\n",
       "          0.   ,    0.   ,   85.251,    0.   ,    0.   ,    0.   ,\n",
       "        468.596,  712.801,    0.   ,    0.   ,    0.   ])"
      ]
     },
     "execution_count": 19,
     "metadata": {},
     "output_type": "execute_result"
    }
   ],
   "source": [
    "LastPrice = np.array([1/p for p in StockData.tail(1).to_numpy()[0]])\n",
    "Initial_Portfolio = np.multiply(mvo_weights, LastPrice)\n",
    "Initial_Portfolio"
   ]
  },
  {
   "cell_type": "code",
   "execution_count": 20,
   "metadata": {
    "id": "ZAd1iXqZhQ6X"
   },
   "outputs": [],
   "source": [
    "Portfolio_Assets = TradeData @ Initial_Portfolio\n",
    "MVO_result = pd.DataFrame(Portfolio_Assets, columns=[\"Mean Var\"])\n",
    "# MVO_result"
   ]
  },
  {
   "cell_type": "markdown",
   "metadata": {
    "id": "I5sgGe7g1HsL"
   },
   "source": [
    "# Part 4: DJIA index"
   ]
  },
  {
   "cell_type": "markdown",
   "metadata": {
    "id": "sVe_ufxTY2CW"
   },
   "source": [
    "Add DJIA index as a baseline to compare with."
   ]
  },
  {
   "cell_type": "code",
   "execution_count": 21,
   "metadata": {
    "id": "sACPzsI-6k8q"
   },
   "outputs": [],
   "source": [
    "TRAIN_START_DATE = '2009-01-01'\n",
    "TRAIN_END_DATE = '2020-07-01'\n",
    "TRADE_START_DATE = '2020-07-01'\n",
    "TRADE_END_DATE = '2021-10-29'"
   ]
  },
  {
   "cell_type": "code",
   "execution_count": 23,
   "metadata": {
    "colab": {
     "base_uri": "https://localhost:8080/"
    },
    "id": "TuszW-OB1K0m",
    "outputId": "b89a8350-de58-4fea-8e4b-856efa872712"
   },
   "outputs": [],
   "source": [
    "# df_dji = YahooDownloader(start_date = TRADE_START_DATE,\n",
    "#                      end_date = TRADE_END_DATE,\n",
